-0.8 0.00201329832
-0.7968 0.00210794798
-0.7936 0.00220704732
-0.7904 0.00231080554
-0.7872 0.00241944167
-0.784 0.00253318503
-0.7808 0.00265227572
-0.7776 0.00277696512
-0.7744 0.00290751646
-0.7712 0.0030442053
-0.768 0.00318732019
-0.7648 0.00333716323
-0.7616 0.00349405073
-0.7584 0.00365831386
-0.7552 0.00383029937
-0.752 0.0040103703
-0.7488 0.00419890676
-0.7456 0.00439630675
-0.7424 0.00460298695
-0.7392 0.00481938365
-0.736 0.00504595364
-0.7328 0.00528317519
-0.7296 0.00553154905
-0.7264 0.00579159953
-0.7232 0.00606387556
-0.72 0.0063489519
-0.7168 0.00664743031
-0.7136 0.00695994085
-0.7104 0.00728714322
-0.7072 0.0076297281
-0.704 0.00798841866
-0.7008 0.00836397207
-0.6976 0.00875718108
-0.6944 0.00916887572
-0.6912 0.00959992505
-0.688 0.010051239
-0.6848 0.0105237702
-0.6816 0.0110185161
-0.6784 0.0115365212
-0.6752 0.0120788788
-0.672 0.0126467339
-0.6688 0.0132412851
-0.6656 0.0138637875
-0.6624 0.0145155551
-0.6592 0.0151979637
-0.656 0.015912454
-0.6528 0.016660534
-0.6496 0.0174437829
-0.6464 0.0182638541
-0.6432 0.0191224787
-0.64 0.0200214691
-0.6368 0.0209627231
-0.6336 0.0219482275
-0.6304 0.0229800627
-0.6272 0.0240604068
-0.624 0.0251915403
-0.6208 0.0263758508
-0.6176 0.0276158385
-0.6144 0.0289141208
-0.6112 0.0302734382
-0.608 0.0316966601
-0.6048 0.0331867909
-0.6016 0.0347469761
-0.5984 0.036380509
-0.5952 0.038090838
-0.592 0.0398815734
-0.5888 0.0417564953
-0.5856 0.0437195614
-0.5824 0.0457749156
-0.5792 0.0479268967
-0.576 0.0501800471
-0.5728 0.0525391232
-0.5696 0.0550091048
-0.5664 0.0575952057
-0.5632 0.0603028849
-0.56 0.0631378582
-0.5568 0.06610611
-0.5536 0.0692139059
-0.5504 0.0724678062
-0.5472 0.0758746796
-0.544 0.0794417178
-0.5408 0.0831764504
-0.5376 0.0870867611
-0.5344 0.0911809043
-0.5312 0.0954675223
-0.528 0.0999556638
-0.5248 0.104654803
-0.5216 0.109574859
-0.5184 0.114726218
-0.5152 0.120119753
-0.512 0.125766851
-0.5088 0.131679432
-0.5056 0.137869976
-0.5024 0.144351552
-0.4992 0.151137841
-0.496 0.158243168
-0.4928 0.165682533
-0.4896 0.173471639
-0.4864 0.181626928
-0.4832 0.190165616
-0.48 0.199105726
-0.4768 0.208466131
-0.4736 0.21826659
-0.4704 0.228527789
-0.4672 0.239271391
-0.464 0.250520074
-0.4608 0.262297582
-0.4576 0.274628777
-0.4544 0.28753969
-0.4512 0.301057573
-0.448 0.315210962
-0.4448 0.330029733
-0.4416 0.345545168
-0.4384 0.361790018
-0.4352 0.378798575
-0.432 0.396606742
-0.4288 0.415252111
-0.4256 0.43477404
-0.4224 0.455213739
-0.4192 0.476614354
-0.416 0.499021059
-0.4128 0.522481154
-0.4096 0.54704416
-0.4064 0.572761928
-0.4032 0.599688746
-0.4 0.627881453
-0.3968 0.657399563
-0.3936 0.688305385
-0.3904 0.720664158
-0.3872 0.75454419
-0.384 0.790016998
-0.3808 0.827157462
-0.3776 0.866043982
-0.3744 0.906758644
-0.3712 0.949387393
-0.368 0.994020215
-0.3648 1.04075133
-0.3616 1.08967937
-0.3584 1.14090763
-0.3552 1.19454425
-0.352 1.25070244
-0.3488 1.30950076
-0.3456 1.37106331
-0.3424 1.43552006
-0.3392 1.50300707
-0.336 1.57366678
-0.3328 1.64764838
-0.3296 1.72510801
-0.3264 1.80620919
-0.3232 1.89112312
-0.32 1.98002904
-0.3168 2.07311463
-0.3136 2.17057637
-0.3104 2.27262002
-0.3072 2.37946096
-0.304 2.49132474
-0.3008 2.60844748
-0.2976 2.73107642
-0.2944 2.85947042
-0.2912 2.99390051
-0.288 3.13465047
-0.2848 3.28201739
-0.2816 3.43631235
-0.2784 3.59786107
-0.2752 3.76700456
-0.272 3.94409986
-0.2688 4.1295208
-0.2656 4.3236588
-0.2624 4.52692366
-0.2592 4.73974445
-0.256 4.96257042
-0.2528 5.19587194
-0.2496 5.44014149
-0.2464 5.69589469
-0.2432 5.96367143
-0.24 6.24403694
-0.2368 6.53758307
-0.2336 6.84492945
-0.2304 7.16672487
-0.2272 7.50364862
-0.224 7.8564119
-0.2208 8.22575937
-0.2176 8.61247069
-0.2144 9.01736218
-0.2112 9.44128852
-0.208 9.88514458
-0.2048 10.3498673
-0.2016 10.8364377
-0.2 11.0882348
-0.2 11.0882349
-0.1968 11.5956265
-0.1936 12.0988802
-0.1904 12.5978164
-0.1872 13.0922571
-0.184 13.5820259
-0.1808 14.0669478
-0.1776 14.54685
-0.1744 15.0215612
-0.1712 15.4909119
-0.168 15.9547346
-0.1648 16.4128639
-0.1616 16.8651363
-0.1584 17.3113903
-0.1552 17.7514668
-0.152 18.1852086
-0.1488 18.6124611
-0.1456 19.0330717
-0.1424 19.4468903
-0.1392 19.8537693
-0.136 20.2535635
-0.1328 20.6461302
-0.1296 21.0313293
-0.1264 21.4090234
-0.1232 21.7790776
-0.12 22.14136
-0.1168 22.4957413
-0.1136 22.8420949
-0.1104 23.1802974
-0.1072 23.5102279
-0.104 23.8317688
-0.1008 24.1448053
-0.0975999999 24.4492258
-0.0943999999 24.7449215
-0.0911999999 25.031787
-0.0879999999 25.3097199
-0.0847999999 25.578621
-0.0815999999 25.8383944
-0.0783999999 26.0889474
-0.0751999999 26.3301905
-0.0719999999 26.5620377
-0.0687999999 26.7844062
-0.0655999999 26.9972166
-0.0623999999 27.2003931
-0.0591999999 27.3938632
-0.0559999999 27.5775577
-0.0527999999 27.7514112
-0.0495999999 27.9153616
-0.0463999999 28.0693504
-0.0431999999 28.2133226
-0.0399999999 28.3472269
-0.0367999999 28.4710155
-0.0335999999 28.5846441
-0.0303999999 28.6880724
-0.0271999999 28.7812633
-0.0239999999 28.8641836
-0.0207999999 28.9368037
-0.0175999999 28.9990977
-0.0143999999 29.0510434
-0.0111999999 29.0926222
-0.0079999999 29.1238193
-0.0047999999 29.1446235
-0.0015999999 29.1550275
0.0016000001 29.1550275
0.0048000001 29.1446235
0.0080000001 29.1238193
0.0112000001 29.0926222
0.0144000001 29.0510434
0.0176000001 28.9990977
0.0208000001 28.9368037
0.0240000001 28.8641836
0.0272000001 28.7812633
0.0304000001 28.6880724
0.0336000001 28.5846441
0.0368000001 28.4710154
0.0400000001 28.3472269
0.0432000001 28.2133226
0.0464000001 28.0693504
0.0496000001 27.9153616
0.0528000001 27.7514112
0.0560000001 27.5775577
0.0592000001 27.3938632
0.0624000001 27.2003931
0.0656000001 26.9972166
0.0688000001 26.7844061
0.0720000001 26.5620376
0.0752000001 26.3301905
0.0784000001 26.0889474
0.0816000001 25.8383944
0.0848000001 25.578621
0.0880000001 25.3097199
0.0912000001 25.031787
0.0944000001 24.7449215
0.0976000001 24.4492257
0.1008 24.1448053
0.104 23.8317688
0.1072 23.5102279
0.1104 23.1802973
0.1136 22.8420949
0.1168 22.4957413
0.12 22.14136
0.1232 21.7790776
0.1264 21.4090234
0.1296 21.0313293
0.1328 20.6461302
0.136 20.2535635
0.1392 19.8537693
0.1424 19.4468903
0.1456 19.0330716
0.1488 18.612461
0.152 18.1852086
0.1552 17.7514667
0.1584 17.3113903
0.1616 16.8651362
0.1648 16.4128639
0.168 15.9547346
0.1712 15.4909118
0.1744 15.0215611
0.1776 14.54685
0.1808 14.0669478
0.184 13.5820258
0.1872 13.0922571
0.1904 12.5978164
0.1936 12.0988802
0.1968 11.5956265
0.2 11.0882349
0.2 11.0882348
0.2032 10.5903584
0.2064 10.1148373
0.2096 9.66066775
0.2128 9.226891
0.216 8.81259139
0.2192 8.41689439
0.2224 8.0389647
0.2256 7.67800455
0.2288 7.333252
0.232 7.00397929
0.2352 6.68949135
0.2384 6.38912435
0.2416 6.10224422
0.2448 5.82824538
0.248 5.56654946
0.2512 5.31660403
0.2544 5.07788148
0.2576 4.84987788
0.2608 4.63211195
0.264 4.424124
0.2672 4.22547498
0.2704 4.03574557
0.2736 3.85453526
0.2768 3.68146153
0.28 3.51615904
0.2832 3.35827885
0.2864 3.20748769
0.2896 3.06346725
0.2928 2.92591352
0.296 2.79453613
0.2992 2.66905777
0.3024 2.54921354
0.3056 2.43475048
0.3088 2.32542697
0.312 2.22101222
0.3152 2.12128584
0.3184 2.0260373
0.3216 1.93506554
0.3248 1.84817854
0.328 1.76519288
0.3312 1.68593339
0.3344 1.61023275
0.3376 1.53793117
0.3408 1.46887603
0.344 1.40292155
0.3472 1.33992852
0.3504 1.27976396
0.3536 1.22230086
0.3568 1.16741794
0.36 1.11499933
0.3632 1.06493438
0.3664 1.01711742
0.3696 0.971447505
0.3728 0.927828228
0.376 0.886167513
0.3792 0.84637742
0.3824 0.808373955
0.3856 0.772076895
0.3888 0.737409622
0.392 0.704298955
0.3952 0.672675001
0.3984 0.642471004
0.4016 0.613623206
0.4048 0.586070713
0.408 0.559755363
0.4112 0.534621607
0.4144 0.51061639
0.4176 0.487689039
0.4208 0.465791156
0.424 0.444876517
0.4272 0.424900973
0.4304 0.405822358
0.4336 0.387600397
0.4368 0.370196627
0.44 0.353574309
0.4432 0.337698355
0.4464 0.322535252
0.4496 0.308052993
0.4528 0.294221006
0.456 0.281010094
0.4592 0.268392369
0.4624 0.256341197
0.4656 0.244831138
0.4688 0.233837896
0.472 0.223338266
0.4752 0.213310082
0.4784 0.203732178
0.4816 0.194584333
0.4848 0.18584724
0.488 0.177502453
0.4912 0.169532358
0.4944 0.161920131
0.4976 0.154649703
0.5008 0.147705727
0.504 0.141073544
0.5072 0.134739156
0.5104 0.128689189
0.5136 0.122910875
0.5168 0.117392014
0.52 0.112120957
0.5232 0.107086578
0.5264 0.102278249
0.5296 0.0976858204
0.5328 0.0932995979
0.536 0.0891103226
0.5392 0.0851091513
0.5424 0.0812876378
0.5456 0.0776377154
0.5488 0.0741516793
0.552 0.0708221709
0.5552 0.0676421618
0.5584 0.0646049393
0.5616 0.0617040921
0.5648 0.0589334967
0.568 0.0562873048
0.5712 0.0537599304
0.5744 0.0513460384
0.5776 0.0490405334
0.5808 0.0468385486
0.584 0.0447354359
0.5872 0.0427267556
0.5904 0.0408082678
0.5936 0.0389759226
0.5968 0.0372258522
0.6 0.0355543622
0.6032 0.0339579243
0.6064 0.0324331686
0.6096 0.0309768765
0.6128 0.0295859737
0.616 0.0282575244
0.6192 0.0269887242
0.6224 0.0257768948
0.6256 0.0246194781
0.6288 0.023514031
0.632 0.0224582199
0.6352 0.0214498162
0.6384 0.020486691
0.6416 0.0195668115
0.6448 0.0186882358
0.648 0.0178491093
0.6512 0.0170476607
0.6544 0.0162821982
0.6576 0.015551106
0.6608 0.0148528408
0.664 0.0141859286
0.6672 0.0135489616
0.6704 0.0129405953
0.6736 0.0123595455
0.6768 0.0118045855
0.68 0.011274544
0.6832 0.0107683021
0.6864 0.0102847911
0.6896 0.00982299039
0.6928 0.00938192513
0.696 0.00896066429
0.6992 0.00855831861
0.7024 0.00817403879
0.7056 0.00780701364
0.7088 0.00745646841
0.712 0.00712166312
0.7152 0.00680189102
0.7184 0.00649647712
0.7216 0.00620477671
0.7248 0.00592617403
0.728 0.00566008098
0.7312 0.00540593586
0.7344 0.00516320219
0.7376 0.00493136759
0.7408 0.00470994266
0.744 0.00449846001
0.7472 0.00429647321
0.7504 0.00410355588
0.7536 0.00391930079
0.7568 0.00374331901
0.76 0.00357523903
0.7632 0.00341470607
0.7664 0.00326138126
0.7696 0.00311494092
0.7728 0.00297507596
0.776 0.00284149111
0.7792 0.00271390441
0.7824 0.00259204651
0.7856 0.00247566019
0.7888 0.00236449978
0.792 0.00225833061
0.7952 0.00215692858
0.7984 0.00206007964
0.8 0.00201329832
